CPP Branch - Robinhood

--------------------------------------------------------------------------------------- benchmark: 7 tests --------------------------------------------------------------------------------------
Name (time in ms)                 Min                 Max                Mean            StdDev              Median               IQR            Outliers       OPS            Rounds  Iterations
-------------------------------------------------------------------------------------------------------------------------------------------------------------------------------------------------
test_bad_convex_hull           1.7986 (1.0)        3.6990 (1.0)        1.8766 (1.0)      0.1731 (1.0)        1.8389 (1.0)      0.0619 (1.0)         24;33  532.8839 (1.0)         397           1
test_building1                 3.1107 (1.73)       4.3975 (1.19)       3.3679 (1.79)     0.2576 (1.49)       3.2996 (1.79)     0.3482 (5.62)         45;5  296.9234 (0.56)        277           1
test_building2                 3.7801 (2.10)       7.3436 (1.99)       4.1036 (2.19)     0.3785 (2.19)       3.9410 (2.14)     0.4172 (6.74)        30;10  243.6902 (0.46)        252           1
test_100k_array_xyThresh     123.7256 (68.79)    128.8804 (34.84)    125.7089 (66.99)    1.7493 (10.11)    125.3837 (68.18)    2.2639 (36.56)         4;0    7.9549 (0.01)          8           1
test_100k_array_alpha        123.8102 (68.84)    130.2558 (35.21)    126.5909 (67.46)    2.4070 (13.91)    125.9834 (68.51)    4.3029 (69.49)         2;0    7.8995 (0.01)          8           1
test_100k_array_lmax         124.7596 (69.36)    130.1409 (35.18)    126.4226 (67.37)    1.7513 (10.12)    125.7215 (68.37)    2.2844 (36.89)         1;0    7.9100 (0.01)          9           1
test_100k_array_3d_lmax      133.2328 (74.07)    135.8588 (36.73)    134.4361 (71.64)    1.0093 (5.83)     134.4115 (73.09)    1.7063 (27.56)         3;0    7.4385 (0.01)          8           1
-------------------------------------------------------------------------------------------------------------------------------------------------------------------------------------------------


--------------------------------------------------------------------------------------- benchmark: 7 tests --------------------------------------------------------------------------------------
Name (time in ms)                 Min                 Max                Mean            StdDev              Median               IQR            Outliers       OPS            Rounds  Iterations
-------------------------------------------------------------------------------------------------------------------------------------------------------------------------------------------------
test_bad_convex_hull           1.7896 (1.0)        2.3200 (1.0)        1.8264 (1.0)      0.0479 (1.0)        1.8006 (1.0)      0.0508 (1.0)         57;16  547.5375 (1.0)         530           1
test_building1                 3.0959 (1.73)       5.7459 (2.48)       3.1709 (1.74)     0.1722 (3.59)       3.1529 (1.75)     0.0718 (1.41)          6;9  315.3714 (0.58)        277           1
test_building2                 3.7618 (2.10)       4.7655 (2.05)       3.8473 (2.11)     0.0945 (1.97)       3.8289 (2.13)     0.0628 (1.24)        16;14  259.9213 (0.47)        256           1
test_100k_array_alpha        123.8735 (69.22)    129.8042 (55.95)    126.6120 (69.32)    2.3061 (48.14)    126.2820 (70.13)    3.9925 (78.61)         4;0    7.8981 (0.01)          8           1
test_100k_array_xyThresh     124.2150 (69.41)    129.3745 (55.77)    126.7693 (69.41)    1.8114 (37.81)    126.3792 (70.19)    2.7496 (54.14)         3;0    7.8883 (0.01)          8           1
test_100k_array_lmax         125.5332 (70.15)    131.7932 (56.81)    127.3669 (69.74)    2.2343 (46.64)    126.4729 (70.24)    2.1992 (43.30)         2;1    7.8513 (0.01)          8           1
test_100k_array_3d_lmax      133.4729 (74.58)    140.2720 (60.46)    136.0032 (74.47)    2.6054 (54.38)    135.1139 (75.04)    4.3177 (85.01)         2;0    7.3528 (0.01)          8           1
-------------------------------------------------------------------------------------------------------------------------------------------------------------------------------------------------

Parallel Branch - Parallel_flat_hash_map

--------------------------------------------------------------------------------------- benchmark: 7 tests --------------------------------------------------------------------------------------
Name (time in ms)                 Min                 Max                Mean            StdDev              Median               IQR            Outliers       OPS            Rounds  Iterations
-------------------------------------------------------------------------------------------------------------------------------------------------------------------------------------------------
test_bad_convex_hull           1.1888 (1.0)        1.6978 (1.0)        1.2187 (1.0)      0.0439 (1.0)        1.2010 (1.0)      0.0336 (1.0)         63;39  820.5283 (1.0)         814           1
test_building1                 2.3185 (1.95)       3.3592 (1.98)       2.3795 (1.95)     0.0875 (1.99)       2.3616 (1.97)     0.0552 (1.64)        30;30  420.2523 (0.51)        363           1
test_building2                 2.8634 (2.41)       3.4254 (2.02)       2.9196 (2.40)     0.0652 (1.49)       2.9088 (2.42)     0.0571 (1.70)        27;18  342.5161 (0.42)        330           1
test_100k_array_xyThresh     114.1349 (96.01)    117.0426 (68.94)    114.9949 (94.36)    0.9130 (20.81)    114.7056 (95.51)    0.5094 (15.17)         2;2    8.6960 (0.01)         10           1
test_100k_array_lmax         114.2638 (96.11)    118.2448 (69.64)    115.5716 (94.83)    1.4828 (33.80)    115.2514 (95.96)    1.1295 (33.64)         2;2    8.6526 (0.01)         10           1
test_100k_array_alpha        116.9168 (98.35)    120.1364 (70.76)    117.9521 (96.78)    0.9359 (21.33)    117.6602 (97.97)    0.8081 (24.07)         2;1    8.4780 (0.01)          9           1
test_100k_array_3d_lmax      124.4775 (104.70)   126.4949 (74.50)    125.4674 (102.95)   0.7284 (16.60)    125.2445 (104.28)   1.3059 (38.89)         3;0    7.9702 (0.01)          9           1
-------------------------------------------------------------------------------------------------------------------------------------------------------------------------------------------------

